665982.802 5915367.462 60.009
666183.096 5915374.470 70.000
666176.104 5915574.289 69.999
665975.817 5915567.283 60.002
666007.839 5915368.339 61.257
666000.853 5915568.151 61.223
666032.873 5915369.212 62.506
666025.889 5915569.031 62.420
666057.913 5915370.088 63.778
666050.925 5915569.909 63.680
666082.952 5915370.965 65.073
666075.962 5915570.781 64.981
666107.991 5915371.840 66.334
666100.997 5915571.656 66.248
666133.025 5915372.714 67.551
666126.035 5915572.532 67.502
666158.063 5915373.592 68.771
666151.068 5915573.411 68.757
665981.925 5915392.441 59.993
666182.223 5915399.447 70.019
665981.056 5915417.419 60.000
666181.350 5915424.422 70.055
665980.182 5915442.395 59.994
666180.473 5915449.398 70.087
665979.310 5915467.375 59.976
666179.605 5915474.376 70.065
665978.440 5915492.347 59.926
666178.728 5915499.356 70.028
665977.564 5915517.326 59.924
666177.856 5915524.329 69.999
665976.693 5915542.301 59.971
666176.982 5915549.313 69.994
666031.128 5915419.168 62.616
666029.382 5915469.119 62.269
666027.634 5915519.071 61.240
666081.202 5915420.919 66.456
666079.459 5915470.873 66.814
666077.709 5915520.823 64.779
666131.277 5915422.672 68.594
666129.529 5915472.631 68.955
666127.775 5915522.578 67.623
666070.838 5915430.559 65.959
666090.866 5915431.257 67.773
666089.997 5915456.238 68.275
666069.966 5915455.538 66.233
666118.119 5915512.239 67.314
666148.860 5915493.305 68.805
666009.359 5915468.425 61.322
666037.999 5915509.435 61.557
