12.802 7.462 60.009
213.096 14.470 70.000
206.104 214.289 69.999
5.817 207.283 60.002
37.839 8.339 61.257
30.853 208.151 61.223
62.873 9.212 62.506
55.889 209.031 62.420
87.913 10.088 63.778
80.925 209.909 63.680
112.952 10.965 65.073
105.962 210.781 64.981
137.991 11.840 66.334
130.997 211.656 66.248
163.025 12.714 67.551
156.035 212.532 67.502
188.063 13.592 68.771
181.068 213.411 68.757
11.925 32.441 59.993
212.223 39.447 70.019
11.056 57.419 60.000
211.350 64.422 70.055
10.182 82.395 59.994
210.473 89.398 70.087
9.310 107.375 59.976
209.605 114.376 70.065
8.440 132.347 59.926
208.728 139.356 70.028
7.564 157.326 59.924
207.856 164.329 69.999
6.693 182.301 59.971
206.982 189.313 69.994
61.128 59.168 62.616
59.382 109.119 62.269
57.634 159.071 61.240
111.202 60.919 66.456
109.459 110.873 66.814
107.709 160.823 64.779
161.277 62.672 68.594
159.529 112.631 68.955
157.775 162.578 67.623
100.838 70.559 65.959
120.866 71.257 67.773
119.997 96.238 68.275
99.966 95.538 66.233
148.119 152.239 67.314
178.860 133.305 68.805
39.359 108.425 61.322
67.999 149.435 61.557
